1.0 2.0 2.0 12.0 28.0 3.0 0.0347084996841015 0.0664381092718248 0.0567629925546874 0.9912280701754386 1.0 0.0 0.0 1.0 2.0 0.0 0.0 0.0352818148328599 0.0508312095209146 0.8596491228070176 1.0 0.0 0.0 2.0 2.0 0.0 0.0 0.0485199225202314 0.0477331712221468 0.7105263157894737 1.0 0.0 0.0 2.0 8.0 0.0 0.0 0.0575572482798778 0.0684330356099043 0.6578947368421053 1.0 0.0 0.0 2.0 3.0 1.0 0.0 0.0203146724340768 0.024873935171113 0.0 0.6502878401571168 -0.7596879128588213 -0.2794154981989258 0.960170286650366 0
1.0 1.0 1.0 11.0 27.0 1.0 0.0436611955747335 0.0704080651556023 0.05803571815169 0.9734513274336284 1.0 0.0 0.0 1.0 2.0 0.0 0.0 0.0352818148328599 0.0508312095209146 0.8672566371681416 1.0 0.0 0.0 2.0 2.0 0.0 0.0 0.0485199225202314 0.0477331712221468 0.7168141592920354 1.0 0.0 0.0 2.0 8.0 0.0 0.0 0.0575572482798778 0.0684330356099043 0.6637168141592921 1.0 0.0 0.0 2.0 3.0 1.0 0.0 0.0203146724340768 0.024873935171113 0.0 0.9906073556948704 0.1367372182078336 -0.2794154981989258 0.960170286650366 0
1.0 0.0 0.0 10.0 26.0 1.0 0.0 0.0735891433256883 0.0588074216227785 0.9818181818181818 1.0 0.0 0.0 1.0 2.0 0.0 0.0 0.0352818148328599 0.0508312095209146 0.8909090909090909 1.0 0.0 0.0 2.0 2.0 0.0 0.0 0.0485199225202314 0.0477331712221468 0.7363636363636363 1.0 0.0 0.0 2.0 8.0 0.0 0.0 0.0575572482798778 0.0684330356099043 0.6818181818181818 1.0 0.0 0.0 2.0 3.0 1.0 0.0 0.0203146724340768 0.024873935171113 0.0 -0.9999902065507036 0.0044256979880507 -0.2794154981989258 0.960170286650366 0
1.0 0.0 0.0 1.0 2.0 0.0 0.0 0.0352818148328599 0.0508312095209146 0.9074074074074074 1.0 3.0 6.0 13.0 29.0 0.0 0.0721547857491721 0.0653852095546193 0.0578996550031 0.8981481481481481 1.0 0.0 0.0 2.0 2.0 0.0 0.0 0.0485199225202314 0.0477331712221468 0.75 1.0 0.0 0.0 2.0 8.0 0.0 0.0 0.0575572482798778 0.0684330356099043 0.6944444444444444 1.0 0.0 0.0 2.0 3.0 1.0 0.0 0.0203146724340768 0.024873935171113 0.0 0.4121184852417566 -0.9111302618846768 -0.2794154981989258 0.960170286650366 1
1.0 3.0 6.0 13.0 29.0 0.0 0.0721547857491721 0.0653852095546193 0.0578996550031 0.9897959183673468 1.0 0.0 0.0 2.0 2.0 0.0 0.0 0.0485199225202314 0.0477331712221468 0.826530612244898 1.0 0.0 0.0 2.0 8.0 0.0 0.0 0.0575572482798778 0.0684330356099043 0.7653061224489796 1.0 0.0 0.0 0.0 1.0 1.0 0.0 0.0 0.0669526993850686 0.4795918367346938 1.0 0.0 0.0 2.0 3.0 1.0 0.0 0.0203146724340768 0.024873935171113 0.0 -0.8462204041751706 -0.5328330203333975 -0.9589242746631385 0.2836621854632262 3
1.0 4.0 5.0 12.0 28.0 3.0 0.0659031334435617 0.0632157272838904 0.056755477097898 0.9587628865979382 1.0 0.0 0.0 2.0 2.0 0.0 0.0 0.0485199225202314 0.0477331712221468 0.8350515463917526 1.0 0.0 0.0 2.0 8.0 0.0 0.0 0.0575572482798778 0.0684330356099043 0.7731958762886598 1.0 0.0 0.0 0.0 1.0 1.0 0.0 0.0 0.0669526993850686 0.4845360824742268 1.0 0.0 0.0 2.0 3.0 1.0 0.0 0.0203146724340768 0.024873935171113 0.0 -0.0088513092904038 -0.9999608263946372 -0.9589242746631385 0.2836621854632262 0
2.0 2.0 3.0 10.0 26.0 0.0 0.0968396714656342 0.0724114983779158 0.059816869515483 0.989247311827957 1.0 0.0 0.0 2.0 2.0 0.0 0.0 0.0485199225202314 0.0477331712221468 0.8709677419354839 1.0 0.0 0.0 2.0 8.0 0.0 0.0 0.0575572482798778 0.0684330356099043 0.8064516129032258 1.0 0.0 0.0 0.0 1.0 1.0 0.0 0.0 0.0669526993850686 0.5053763440860215 1.0 0.0 0.0 2.0 3.0 1.0 0.0 0.0203146724340768 0.024873935171113 0.0 -0.750987246771676 0.6603167082440802 -0.9589242746631385 0.2836621854632262 0
1.0 2.0 2.0 9.0 25.0 2.0 0.0874904222284953 0.0691085733450054 0.0581902780050971 0.967391304347826 1.0 0.0 0.0 2.0 2.0 0.0 0.0 0.0485199225202314 0.0477331712221468 0.8804347826086957 1.0 0.0 0.0 2.0 8.0 0.0 0.0 0.0575572482798778 0.0684330356099043 0.8152173913043478 1.0 0.0 0.0 0.0 1.0 1.0 0.0 0.0 0.0669526993850686 0.5108695652173914 1.0 0.0 0.0 2.0 3.0 1.0 0.0 0.0203146724340768 0.024873935171113 0.0 -0.9613974918795568 -0.2751633380515969 -0.9589242746631385 0.2836621854632262 0
1.0 2.0 2.0 9.0 25.0 2.0 0.0874904222284953 0.0691085733450054 0.0581902780050971 0.967391304347826 1.0 0.0 0.0 2.0 2.0 0.0 0.0 0.0485199225202314 0.0477331712221468 0.8804347826086957 1.0 0.0 0.0 2.0 8.0 0.0 0.0 0.0575572482798778 0.0684330356099043 0.8152173913043478 1.0 0.0 0.0 0.0 1.0 1.0 0.0 0.0 0.0669526993850686 0.5108695652173914 1.0 0.0 0.0 2.0 3.0 1.0 0.0 0.0203146724340768 0.024873935171113 0.0 -0.9613974918795568 -0.2751633380515969 -0.9589242746631385 0.2836621854632262 0
1.0 1.0 1.0 8.0 24.0 0.0 0.0861125673804626 0.0679270002733182 0.0573945692752538 0.9775280898876404 1.0 0.0 0.0 2.0 2.0 0.0 0.0 0.0485199225202314 0.0477331712221468 0.9101123595505618 1.0 0.0 0.0 2.0 8.0 0.0 0.0 0.0575572482798778 0.0684330356099043 0.8426966292134831 1.0 0.0 0.0 0.0 1.0 1.0 0.0 0.0 0.0669526993850686 0.5280898876404494 1.0 0.0 0.0 2.0 3.0 1.0 0.0 0.0203146724340768 0.024873935171113 0.0 0.9906073556948704 0.1367372182078336 -0.9589242746631385 0.2836621854632262 0
1.0 0.0 0.0 7.0 23.0 0.0 0.0 0.0667558487548743 0.0566338682934714 0.9655172413793104 1.0 0.0 0.0 2.0 2.0 0.0 0.0 0.0485199225202314 0.0477331712221468 0.9310344827586208 1.0 0.0 0.0 2.0 8.0 0.0 0.0 0.0575572482798778 0.0684330356099043 0.8620689655172413 1.0 0.0 0.0 0.0 1.0 1.0 0.0 0.0 0.0669526993850686 0.5402298850574713 1.0 0.0 0.0 2.0 3.0 1.0 0.0 0.0203146724340768 0.024873935171113 0.0 -0.5365729180004349 0.8438539587324921 -0.9589242746631385 0.2836621854632262 0
1.0 0.0 0.0 2.0 2.0 0.0 0.0 0.0485199225202314 0.0477331712221468 0.9642857142857144 1.0 0.0 0.0 2.0 8.0 0.0 0.0 0.0575572482798778 0.0684330356099043 0.8928571428571429 1.0 2.0 2.0 11.0 25.0 0.0 0.069860601416838 0.0531371636052507 0.0557113797376604 0.7976190476190477 1.0 0.0 0.0 0.0 1.0 1.0 0.0 0.0 0.0669526993850686 0.5595238095238095 1.0 0.0 0.0 2.0 3.0 1.0 0.0 0.0203146724340768 0.024873935171113 0.0 0.4121184852417566 -0.9111302618846768 -0.9589242746631385 0.2836621854632262 2
1.0 0.0 0.0 2.0 8.0 0.0 0.0 0.0575572482798778 0.0684330356099043 0.925925925925926 2.0 0.0 0.0 0.0 0.0 0.0 0.0 0.0 0.0 0.8765432098765432 1.0 2.0 2.0 11.0 25.0 0.0 0.069860601416838 0.0531371636052507 0.0557113797376604 0.8271604938271605 1.0 0.0 0.0 0.0 1.0 1.0 0.0 0.0 0.0669526993850686 0.5802469135802469 1.0 0.0 0.0 2.0 3.0 1.0 0.0 0.0203146724340768 0.024873935171113 0.0 -0.2794154981989258 0.960170286650366 -0.9589242746631385 0.2836621854632262 1
1.0 0.0 0.0 2.0 7.0 2.0 0.0 0.0935698922175612 0.0673251320215242 0.9733333333333334 2.0 0.0 0.0 0.0 0.0 0.0 0.0 0.0 0.0 0.9466666666666668 1.0 2.0 2.0 11.0 25.0 0.0 0.069860601416838 0.0531371636052507 0.0557113797376604 0.8933333333333333 1.0 0.0 0.0 0.0 1.0 1.0 0.0 0.0 0.0669526993850686 0.6266666666666667 1.0 0.0 0.0 2.0 3.0 1.0 0.0 0.0203146724340768 0.024873935171113 0.0 0.0 1.0 -0.9589242746631385 0.2836621854632262 0
2.0 0.0 0.0 0.0 0.0 0.0 0.0 0.0 0.0 0.9726027397260274 1.0 2.0 2.0 11.0 25.0 0.0 0.069860601416838 0.0531371636052507 0.0557113797376604 0.9178082191780822 1.0 0.0 0.0 3.0 7.0 2.0 0.0 0.0855406748979017 0.1063871362101388 0.6575342465753424 1.0 0.0 0.0 0.0 1.0 1.0 0.0 0.0 0.0669526993850686 0.6438356164383562 1.0 0.0 0.0 2.0 3.0 1.0 0.0 0.0203146724340768 0.024873935171113 0.0 -0.0088513092904038 -0.9999608263946372 -0.7568024953079282 -0.6536436208636119 2
1.0 2.0 2.0 11.0 25.0 0.0 0.069860601416838 0.0531371636052507 0.0557113797376604 0.9661016949152542 1.0 0.0 0.0 3.0 7.0 2.0 0.0 0.0855406748979017 0.1063871362101388 0.8050847457627118 1.0 0.0 0.0 0.0 1.0 1.0 0.0 0.0 0.0669526993850686 0.7966101694915254 1.0 0.0 0.0 2.0 3.0 1.0 0.0 0.0203146724340768 0.024873935171113 0.3983050847457627 1.0 0.0 0.0 0.0 0.0 0.0 0.0 0.0 0.0 0.0 0.9129452507276276 0.4080820618133919 -0.7568024953079282 -0.6536436208636119 5
1.0 2.0 2.0 11.0 25.0 0.0 0.069860601416838 0.0531371636052507 0.0557113797376604 0.9661016949152542 1.0 0.0 0.0 3.0 7.0 2.0 0.0 0.0855406748979017 0.1063871362101388 0.8050847457627118 1.0 0.0 0.0 0.0 1.0 1.0 0.0 0.0 0.0669526993850686 0.7966101694915254 1.0 0.0 0.0 2.0 3.0 1.0 0.0 0.0203146724340768 0.024873935171113 0.3983050847457627 1.0 0.0 0.0 0.0 0.0 0.0 0.0 0.0 0.0 0.0 0.9129452507276276 0.4080820618133919 -0.7568024953079282 -0.6536436208636119 5
1.0 1.0 1.0 10.0 24.0 1.0 0.0867981341828984 0.0537723853548977 0.0561149235817219 0.9912280701754386 1.0 0.0 0.0 3.0 7.0 2.0 0.0 0.0855406748979017 0.1063871362101388 0.8333333333333334 1.0 0.0 0.0 0.0 1.0 1.0 0.0 0.0 0.0669526993850686 0.8245614035087719 1.0 0.0 0.0 2.0 3.0 1.0 0.0 0.0203146724340768 0.024873935171113 0.4122807017543859 1.0 0.0 0.0 0.0 0.0 0.0 0.0 0.0 0.0 0.0 -0.2879033166650653 -0.9576594803233848 -0.7568024953079282 -0.6536436208636119 0
1.0 0.0 0.0 9.0 23.0 3.0 0.0 0.0512214154713946 0.055272662950715 0.9557522123893806 1.0 0.0 0.0 3.0 7.0 2.0 0.0 0.0855406748979017 0.1063871362101388 0.8407079646017699 1.0 0.0 0.0 0.0 1.0 1.0 0.0 0.0 0.0669526993850686 0.831858407079646 1.0 0.0 0.0 2.0 3.0 1.0 0.0 0.0203146724340768 0.024873935171113 0.415929203539823 1.0 0.0 0.0 0.0 0.0 0.0 0.0 0.0 0.0 0.0 0.6502878401571168 -0.7596879128588213 -0.7568024953079282 -0.6536436208636119 0
1.0 0.0 0.0 3.0 7.0 2.0 0.0 0.0855406748979017 0.1063871362101388 0.8796296296296297 1.0 0.0 0.0 0.0 1.0 1.0 0.0 0.0 0.0669526993850686 0.8703703703703703 1.0 2.0 3.0 12.0 25.0 5.0 0.0578026911857617 0.0550330160465512 0.0656414692885033 0.8611111111111112 1.0 0.0 0.0 2.0 3.0 1.0 0.0 0.0203146724340768 0.024873935171113 0.4351851851851852 1.0 0.0 0.0 0.0 0.0 0.0 0.0 0.0 0.0 0.0 -0.5440211108893698 -0.8390715290764524 -0.7568024953079282 -0.6536436208636119 2
1.0 0.0 0.0 0.0 1.0 1.0 0.0 0.0 0.0669526993850686 0.9894736842105264 1.0 2.0 3.0 12.0 25.0 5.0 0.0578026911857617 0.0550330160465512 0.0656414692885033 0.9789473684210528 1.0 0.0 0.0 4.0 7.0 2.0 0.0 0.0669956387921712 0.0931398910425775 0.7578947368421053 1.0 0.0 0.0 2.0 3.0 1.0 0.0 0.0203146724340768 0.024873935171113 0.4947368421052631 1.0 0.0 0.0 0.0 0.0 0.0 0.0 0.0 0.0 0.0 0.8366556385360561 -0.5477292602242684 0.1411200080598672 -0.9899924966004454 2
1.0 2.0 3.0 12.0 25.0 5.0 0.0578026911857617 0.0550330160465512 0.0656414692885033 0.9895833333333334 1.0 0.0 0.0 4.0 7.0 2.0 0.0 0.0669956387921712 0.0931398910425775 0.7708333333333334 1.0 0.0 0.0 2.0 3.0 1.0 0.0 0.0203146724340768 0.024873935171113 0.5104166666666666 1.0 0.0 0.0 0.0 0.0 0.0 0.0 0.0 0.0 0.0208333333333333 1.0 0.0 0.0 0.0 0.0 1.0 0.0 0.0 0.0 0.0 0.9129452507276276 0.4080820618133919 0.1411200080598672 -0.9899924966004454 4
1.0 1.0 2.0 11.0 24.0 3.0 0.051948488392413 0.0544497391593682 0.0658576694958186 0.9894736842105264 1.0 0.0 0.0 4.0 7.0 2.0 0.0 0.0669956387921712 0.0931398910425775 0.7789473684210526 1.0 0.0 0.0 2.0 3.0 1.0 0.0 0.0203146724340768 0.024873935171113 0.5157894736842106 1.0 0.0 0.0 0.0 0.0 0.0 0.0 0.0 0.0 0.0210526315789473 1.0 0.0 0.0 0.0 0.0 1.0 0.0 0.0 0.0 0.0 0.1498772096629523 0.9887046181866692 0.1411200080598672 -0.9899924966004454 0
1.0 0.0 1.0 10.0 23.0 1.0 0.0343052250944334 0.0537426768547016 0.06608961997058 0.9574468085106383 1.0 0.0 0.0 4.0 7.0 2.0 0.0 0.0669956387921712 0.0931398910425775 0.7872340425531915 1.0 0.0 0.0 2.0 3.0 1.0 0.0 0.0203146724340768 0.024873935171113 0.5212765957446809 1.0 0.0 0.0 0.0 0.0 0.0 0.0 0.0 0.0 0.0212765957446808 1.0 0.0 0.0 0.0 0.0 1.0 0.0 0.0 0.0 0.0 -0.750987246771676 0.6603167082440802 0.1411200080598672 -0.9899924966004454 0
1.0 0.0 0.0 9.0 22.0 3.0 0.0 0.0563444812829846 0.0677375711804854 0.9111111111111112 1.0 0.0 0.0 4.0 7.0 2.0 0.0 0.0669956387921712 0.0931398910425775 0.8222222222222222 1.0 0.0 0.0 2.0 3.0 1.0 0.0 0.0203146724340768 0.024873935171113 0.5444444444444444 1.0 0.0 0.0 0.0 0.0 0.0 0.0 0.0 0.0 0.0222222222222222 1.0 0.0 0.0 0.0 0.0 1.0 0.0 0.0 0.0 0.0 0.9906073556948704 0.1367372182078336 0.1411200080598672 -0.9899924966004454 0
1.0 0.0 0.0 4.0 7.0 2.0 0.0 0.0669956387921712 0.0931398910425775 0.902439024390244 1.0 2.0 4.0 11.0 24.0 3.0 0.0486954067024236 0.0481364127904275 0.0723747535208523 0.8780487804878049 1.0 0.0 0.0 2.0 3.0 1.0 0.0 0.0203146724340768 0.024873935171113 0.5975609756097561 1.0 0.0 0.0 0.0 0.0 0.0 0.0 0.0 0.0 0.024390243902439 1.0 0.0 0.0 0.0 0.0 1.0 0.0 0.0 0.0 0.0 -0.2794154981989258 0.960170286650366 0.1411200080598672 -0.9899924966004454 1
1.0 2.0 4.0 11.0 24.0 3.0 0.0486954067024236 0.0481364127904275 0.0723747535208523 0.972972972972973 1.0 1.0 1.0 4.0 8.0 1.0 0.0459060907905526 0.0563332580717995 0.0878250017536065 0.6756756756756757 1.0 0.0 0.0 2.0 3.0 1.0 0.0 0.0203146724340768 0.024873935171113 0.6621621621621622 1.0 0.0 0.0 0.0 0.0 0.0 0.0 0.0 0.0 0.027027027027027 1.0 0.0 0.0 0.0 0.0 1.0 0.0 0.0 0.0 0.0 -0.0088513092904038 -0.9999608263946372 0.9092974268256816 -0.4161468365471424 1
1.0 1.0 3.0 10.0 23.0 2.0 0.0557235866345839 0.0505092036933607 0.0744774506524941 0.9722222222222222 1.0 1.0 1.0 4.0 8.0 1.0 0.0459060907905526 0.0563332580717995 0.0878250017536065 0.6944444444444444 1.0 0.0 0.0 2.0 3.0 1.0 0.0 0.0203146724340768 0.024873935171113 0.6805555555555556 1.0 0.0 0.0 0.0 0.0 0.0 0.0 0.0 0.0 0.0277777777777777 1.0 0.0 0.0 0.0 0.0 1.0 0.0 0.0 0.0 0.0 0.9129452507276276 0.4080820618133919 0.9092974268256816 -0.4161468365471424 0
1.0 1.0 2.0 9.0 22.0 0.0 0.0256146576870858 0.0447330790285716 0.0732794993825179 0.9428571428571428 1.0 1.0 1.0 4.0 8.0 1.0 0.0459060907905526 0.0563332580717995 0.0878250017536065 0.7142857142857143 1.0 0.0 0.0 2.0 3.0 1.0 0.0 0.0203146724340768 0.024873935171113 0.7 1.0 0.0 0.0 0.0 0.0 0.0 0.0 0.0 0.0 0.0285714285714285 1.0 0.0 0.0 0.0 0.0 1.0 0.0 0.0 0.0 0.0 -0.750987246771676 0.6603167082440802 0.9092974268256816 -0.4161468365471424 0
1.0 1.0 1.0 8.0 21.0 3.0 0.0347891546020351 0.048508039120153 0.0760881546380389 0.9393939393939394 1.0 1.0 1.0 4.0 8.0 1.0 0.0459060907905526 0.0563332580717995 0.0878250017536065 0.7575757575757576 1.0 0.0 0.0 2.0 3.0 1.0 0.0 0.0203146724340768 0.024873935171113 0.7424242424242424 1.0 0.0 0.0 0.0 0.0 0.0 0.0 0.0 0.0 0.0303030303030303 1.0 0.0 0.0 0.0 0.0 1.0 0.0 0.0 0.0 0.0 0.9906073556948704 0.1367372182078336 0.9092974268256816 -0.4161468365471424 0
1.0 0.0 0.0 7.0 20.0 2.0 0.0 0.0510442962226066 0.0783797844232972 0.935483870967742 1.0 1.0 1.0 4.0 8.0 1.0 0.0459060907905526 0.0563332580717995 0.0878250017536065 0.8064516129032258 1.0 0.0 0.0 2.0 3.0 1.0 0.0 0.0203146724340768 0.024873935171113 0.7903225806451613 1.0 0.0 0.0 0.0 0.0 0.0 0.0 0.0 0.0 0.032258064516129 1.0 0.0 0.0 0.0 0.0 1.0 0.0 0.0 0.0 0.0 -0.5440211108893698 -0.8390715290764524 0.9092974268256816 -0.4161468365471424 0
1.0 1.0 1.0 4.0 8.0 1.0 0.0459060907905526 0.0563332580717995 0.0878250017536065 0.8620689655172413 1.0 0.0 0.0 2.0 3.0 1.0 0.0 0.0203146724340768 0.024873935171113 0.8448275862068966 1.0 2.0 3.0 10.0 21.0 2.0 0.0744713742253767 0.0547159273211251 0.092730716172929 0.8275862068965517 1.0 0.0 0.0 0.0 0.0 0.0 0.0 0.0 0.0 0.0344827586206896 1.0 0.0 0.0 0.0 0.0 1.0 0.0 0.0 0.0 0.0 -0.2794154981989258 0.960170286650366 0.9092974268256816 -0.4161468365471424 2
1.0 0.0 0.0 3.0 7.0 2.0 0.0 0.061583740339786 0.0946680339231018 0.98 1.0 0.0 0.0 2.0 3.0 1.0 0.0 0.0203146724340768 0.024873935171113 0.98 1.0 2.0 3.0 10.0 21.0 2.0 0.0744713742253767 0.0547159273211251 0.092730716172929 0.96 1.0 0.0 0.0 0.0 0.0 0.0 0.0 0.0 0.0 0.04 1.0 0.0 0.0 0.0 0.0 1.0 0.0 0.0 0.0 0.0 -0.0088513092904038 -0.9999608263946372 0.8414709848078965 0.5403023058681398 0
1.0 2.0 3.0 10.0 21.0 2.0 0.0744713742253767 0.0547159273211251 0.092730716172929 0.979591836734694 1.0 1.0 1.0 2.0 7.0 1.0 0.0592948071675337 0.0381694810519185 0.0968024236513095 0.5102040816326531 1.0 1.0 1.0 1.0 2.0 0.0 0.0174349047599844 0.0154127699017242 0.0249070588510369 0.0408163265306122 1.0 0.0 0.0 0.0 0.0 0.0 0.0 0.0 0.0 0.0408163265306122 1.0 0.0 0.0 0.0 0.0 1.0 0.0 0.0 0.0 0.0 0.8366556385360561 -0.5477292602242684 0.8414709848078965 0.5403023058681398 1
1.0 2.0 3.0 10.0 21.0 2.0 0.0744713742253767 0.0547159273211251 0.092730716172929 0.979591836734694 1.0 1.0 1.0 2.0 7.0 1.0 0.0592948071675337 0.0381694810519185 0.0968024236513095 0.5102040816326531 1.0 1.0 1.0 1.0 2.0 0.0 0.0174349047599844 0.0154127699017242 0.0249070588510369 0.0408163265306122 1.0 0.0 0.0 0.0 0.0 0.0 0.0 0.0 0.0 0.0408163265306122 1.0 0.0 0.0 0.0 0.0 1.0 0.0 0.0 0.0 0.0 0.8366556385360561 -0.5477292602242684 0.8414709848078965 0.5403023058681398 2
1.0 1.0 2.0 9.0 20.0 5.0 0.0853463456600932 0.0556169531226274 0.0950747036404872 0.9791666666666666 1.0 1.0 1.0 2.0 7.0 1.0 0.0592948071675337 0.0381694810519185 0.0968024236513095 0.5208333333333334 1.0 1.0 1.0 1.0 2.0 0.0 0.0174349047599844 0.0154127699017242 0.0249070588510369 0.0416666666666666 1.0 0.0 0.0 0.0 0.0 0.0 0.0 0.0 0.0 0.0416666666666666 1.0 0.0 0.0 0.0 0.0 1.0 0.0 0.0 0.0 0.0 0.9129452507276276 0.4080820618133919 0.8414709848078965 0.5403023058681398 0
1.0 1.0 1.0 8.0 19.0 1.0 0.0705730531919183 0.0515056267899371 0.0954958768709751 0.8723404255319149 1.0 1.0 1.0 2.0 7.0 1.0 0.0592948071675337 0.0381694810519185 0.0968024236513095 0.5319148936170213 1.0 1.0 1.0 1.0 2.0 0.0 0.0174349047599844 0.0154127699017242 0.0249070588510369 0.0425531914893617 1.0 0.0 0.0 0.0 0.0 0.0 0.0 0.0 0.0 0.0425531914893617 1.0 0.0 0.0 0.0 0.0 1.0 0.0 0.0 0.0 0.0 0.1498772096629523 0.9887046181866692 0.8414709848078965 0.5403023058681398 0
1.0 0.0 0.0 7.0 18.0 2.0 0.0 0.049951023415391 0.0973914127834023 0.8292682926829268 1.0 1.0 1.0 2.0 7.0 1.0 0.0592948071675337 0.0381694810519185 0.0968024236513095 0.6097560975609756 1.0 1.0 1.0 1.0 2.0 0.0 0.0174349047599844 0.0154127699017242 0.0249070588510369 0.048780487804878 1.0 0.0 0.0 0.0 0.0 0.0 0.0 0.0 0.0 0.048780487804878 1.0 0.0 0.0 0.0 0.0 1.0 0.0 0.0 0.0 0.0 0.4201670368266409 0.9074467814501962 0.8414709848078965 0.5403023058681398 0
1.0 1.0 1.0 2.0 7.0 1.0 0.0592948071675337 0.0381694810519185 0.0968024236513095 0.7352941176470589 1.0 0.0 2.0 9.0 20.0 5.0 0.0454557674987565 0.0615877014731455 0.0932562136126633 0.6764705882352942 1.0 1.0 1.0 1.0 2.0 0.0 0.0174349047599844 0.0154127699017242 0.0249070588510369 0.0588235294117647 1.0 0.0 0.0 0.0 0.0 0.0 0.0 0.0 0.0 0.0588235294117647 1.0 0.0 0.0 0.0 0.0 1.0 0.0 0.0 0.0 0.0 -0.2794154981989258 0.960170286650366 0.8414709848078965 0.5403023058681398 1
1.0 0.0 0.0 1.0 6.0 0.0 0.0 0.0239212843578804 0.1043415402121474 0.96 1.0 0.0 2.0 9.0 20.0 5.0 0.0454557674987565 0.0615877014731455 0.0932562136126633 0.92 1.0 1.0 1.0 1.0 2.0 0.0 0.0174349047599844 0.0154127699017242 0.0249070588510369 0.08 1.0 0.0 0.0 0.0 0.0 0.0 0.0 0.0 0.0 0.08 1.0 0.0 0.0 0.0 0.0 1.0 0.0 0.0 0.0 0.0 0.8366556385360561 -0.5477292602242684 0.0 1.0 0
1.0 0.0 2.0 9.0 20.0 5.0 0.0454557674987565 0.0615877014731455 0.0932562136126633 0.972972972972973 1.0 1.0 1.0 1.0 2.0 0.0 0.0174349047599844 0.0154127699017242 0.0249070588510369 0.4054054054054054 1.0 0.0 0.0 0.0 0.0 0.0 0.0 0.0 0.0 0.4054054054054054 1.0 0.0 0.0 0.0 0.0 1.0 0.0 0.0 0.0 0.3513513513513513 1.0 0.0 0.0 1.0 5.0 0.0 0.0 0.315611222683034 0.1205031681825621 0.0 0.9129452507276276 0.4080820618133919 0.0 1.0 4
1.0 1.0 1.0 8.0 19.0 0.0 0.0561089379091556 0.0654403988069066 0.0965714222426228 0.7777777777777778 1.0 1.0 1.0 1.0 2.0 0.0 0.0174349047599844 0.0154127699017242 0.0249070588510369 0.4166666666666667 1.0 0.0 0.0 0.0 0.0 0.0 0.0 0.0 0.0 0.4166666666666667 1.0 0.0 0.0 0.0 0.0 1.0 0.0 0.0 0.0 0.3611111111111111 1.0 0.0 0.0 1.0 5.0 0.0 0.0 0.315611222683034 0.1205031681825621 0.0 0.1498772096629523 0.9887046181866692 0.0 1.0 0
1.0 0.0 0.0 7.0 18.0 2.0 0.0 0.0677031255039835 0.0992255553737 0.8214285714285714 1.0 1.0 1.0 1.0 2.0 0.0 0.0174349047599844 0.0154127699017242 0.0249070588510369 0.5357142857142857 1.0 0.0 0.0 0.0 0.0 0.0 0.0 0.0 0.0 0.5357142857142857 1.0 0.0 0.0 0.0 0.0 1.0 0.0 0.0 0.0 0.4642857142857143 1.0 0.0 0.0 1.0 5.0 0.0 0.0 0.315611222683034 0.1205031681825621 0.0 -0.9999902065507036 0.0044256979880507 0.0 1.0 0
1.0 1.0 1.0 1.0 2.0 0.0 0.0174349047599844 0.0154127699017242 0.0249070588510369 0.6521739130434783 1.0 0.0 0.0 0.0 0.0 0.0 0.0 0.0 0.0 0.6521739130434783 1.0 0.0 0.0 0.0 0.0 1.0 0.0 0.0 0.0 0.5652173913043478 2.0 2.0 2.0 8.0 18.0 3.0 0.1078961164657014 0.1060994521752563 0.1005595953455384 0.5217391304347826 1.0 0.0 0.0 1.0 5.0 0.0 0.0 0.315611222683034 0.1205031681825621 0.0 -0.2794154981989258 0.960170286650366 0.0 1.0 3
